23274 1961 -34.2 -24.6 -10.4  -7.6  -3.1   5.4  14.8  12.3   5.3  -9.6 -22.0 -27.0
23274 1962 -19.6 -22.2 -17.0  -9.5  -2.9   9.9  17.9  12.1   6.6  -8.1 -19.7 -26.1
23274 1963 -23.9 -24.8 -21.1 -14.3  -5.0   9.1  14.5  13.6   3.2  -3.6 -18.7 -32.2
23274 1964 -26.9 -21.7 -26.8 -15.2  -5.0   5.4  15.7  11.5   8.1  -8.4 -23.6 -25.0
23274 1965 -30.0 -29.4 -16.2 -11.6  -4.1   4.9  18.1  12.9   4.6  -5.7 -28.0 -28.6
23274 1966 -32.2 -38.0 -22.6 -15.4  -2.1   7.3  14.1  10.4   5.8 -11.8 -25.2 -22.9
23274 1967 -30.0 -27.2 -14.9  -7.8  -3.6   9.6  19.8  10.5   3.9  -0.5 -17.6 -17.4
23274 1968 -28.9 -19.0 -10.6 -11.5  -3.9   3.9  13.8  10.0   2.6  -6.5 -31.6 -35.4
23274 1969 -37.2 -39.6 -22.5 -15.0  -3.1   8.3  17.4   9.5   2.6  -9.2 -12.0 -23.3
23274 1970 -29.0 -27.7 -18.7 -13.7  -6.1   4.8  15.3   9.1   5.8  -8.8 -20.2 -25.5
23274 1971 -28.8 -32.5 -20.9 -15.2  -0.3   7.6  12.7  14.4   4.6  -7.7 -13.0 -22.1
23274 1972 -34.4 -26.3 -18.4  -9.7  -4.5  12.8  13.8  10.9   1.9  -6.6 -25.3 -29.9
23274 1973 -31.1 -20.1 -16.1  -9.9  -2.5   5.6  15.1  15.1   4.4  -6.5 -15.4 -24.0
23274 1974 -39.2 -32.0 -21.4 -10.1  -3.5   5.0  12.9  11.6   4.0 -13.6 -31.6 -18.8
23274 1975 -23.7 -21.4 -19.1 -11.0  -1.8   9.5  15.6  12.4   6.3  -6.9 -23.5 -22.4
23274 1976 -23.9 -28.4 -21.6  -8.6  -2.4   9.9  15.1  11.7   5.6 -12.4 -18.8 -31.6
23274 1977 -32.5 -33.6 -24.0  -8.5  -0.5  10.2  13.6  11.1   4.2 -14.6 -10.1 -28.2
23274 1978 -29.1 -26.3 -20.8 -12.4  -1.8   7.3  16.3  11.1   3.9  -1.8 -12.2 -29.2
23274 1979 -38.2 -39.4 -25.2 -10.3  -3.4  10.9  17.8  11.5   5.6  -9.0 -21.0 -26.3
23274 1980 -28.5 -23.9 -24.8  -8.5  -4.0   7.3  15.6  12.7   5.7  -3.3 -24.5 -24.3
23274 1981 -16.0 -25.9 -19.0  -8.0  -4.3   9.0  14.4  14.9   5.3 -11.2 -15.4 -20.0
23274 1982 -30.7 -21.9 -23.9  -6.2  -0.1  10.4  16.0  11.7   3.5 -13.2 -21.8 -20.2
23274 1983 -21.6 -22.2 -16.1 -13.7  -3.7  10.2  14.4  11.3   7.2  -2.8 -12.3 -21.6
23274 1984 -20.1 -23.8 -18.0 -18.7  -0.6  13.0  17.9  12.7   7.5  -7.7 -29.2 -28.6
23274 1985 -29.0 -32.5 -21.6 -10.5  -1.1  14.1  13.2  12.7   6.0  -2.9 -18.4 -24.5
23274 1986 -25.6 -22.8 -19.4 -13.2  -1.8   7.8  17.6  12.8   3.4  -3.8 -11.8 -29.6
23274 1987 -33.4 -25.4 -22.9 -11.9  -1.1   3.8  16.8  13.1   6.5  -6.6 -25.9 -24.2
23274 1988 -26.0 -31.9 -17.8 -18.0   0.4   9.4  14.2  11.8   5.6  -6.3 -17.4 -15.4
23274 1989 -29.0 -20.0 -16.4 -15.1  -0.2   5.1  13.2  11.2   2.0  -6.5 -20.0 -23.9
23274 1990 -34.0 -25.8 -14.4  -7.1  -1.3  10.7  19.2  10.9   4.8  -8.1 -24.5 -27.4
23274 1991 -23.1 -29.7 -21.9  -8.3  -1.6   8.9  16.7  11.6   9.1  -6.6 -15.6 -27.5
23274 1992 -24.1 -22.5 -18.9 -17.0  -0.8   4.3  13.8  14.7   2.3 -11.2 -22.8 -22.5
23274 1993 -19.3 -19.0 -10.4 -12.7  -2.9  11.9  14.8  12.2   5.9  -6.9 -18.2 -25.6
23274 1994 -32.1 -33.1 -11.0 -10.5  -3.2  11.1  17.8  11.6   4.0  -3.2 -20.8 -27.6
23274 1995 -21.0 -14.6 -15.0  -3.1  -2.1   7.3  14.3  13.7   3.9  -6.2 -19.1 -25.2
23274 1996 -30.1 -20.6 -14.2 -12.4  -4.4   7.1  17.3   9.2   2.1  -5.8 -16.4 -26.3
23274 1997 -27.4 -27.4 -14.5  -1.3   2.3   6.9  11.9  11.4   7.9  -1.1 -22.7 -31.9
23274 1998 -26.2 -27.4 -14.1 -13.9  -2.5   6.8  15.6  15.7   0.0 -13.7 -30.3 -24.4
23274 1999 -31.6 -18.9 -25.7 -12.3   0.5   7.1  14.6  10.9   4.2  -5.7 -18.7 -18.2
23274 2000 -31.1 -23.1 -14.2 -10.0  -0.3  10.9  14.0  15.3   4.8 -11.5 -27.7 -38.2
23274 2001 -38.0 -25.5 -21.1 -15.3  -0.1  13.8  14.9  15.6   5.3  -7.3 -15.4 -22.4
23274 2002 -27.9 -24.8 -14.6 -14.8  -1.8  13.3  14.3  12.4   1.1  -5.1 -21.0 -28.9
23274 2003 -26.9 -27.2 -20.4 -10.6   0.1  13.7  13.4  14.5   6.7  -5.4 -26.0 -21.3
23274 2004 -25.9 -26.3 -20.5 -13.3  -0.7  12.3  16.2   9.4   4.3  -4.8 -13.0 -31.0
23274 2005 -23.2 -24.9 -17.2 -11.4   0.4  12.0  16.5  11.0   7.3  -3.1 -14.6 -22.9
