23472 1961 -31.7 -22.6  -8.1  -4.0  -0.5   7.0  14.8  12.3   6.4  -9.5 -19.9 -26.3
23472 1962 -17.9 -19.9 -13.7  -7.2  -0.4  11.6  18.4  12.8   7.2  -7.1 -19.1 -23.1
23472 1963 -21.8 -20.3 -17.2 -11.4  -1.2   9.4  15.5  13.9   4.4  -2.1 -16.9 -28.4
23472 1964 -23.1 -22.1 -23.8 -11.5  -1.8   7.8  16.8  13.0   8.9  -7.6 -20.3 -24.1
23472 1965 -27.0 -26.1 -13.3  -7.8  -0.5   6.8  18.3  13.5   5.4  -3.4 -26.8 -27.3
23472 1966 -30.9 -35.6 -19.8 -12.3   0.8   9.1  14.8  11.6   7.6  -9.4 -24.3 -24.9
23472 1967 -26.8 -24.8 -11.8  -5.4  -1.1  11.8  21.3  11.0   5.2   0.6 -17.9 -16.3
23472 1968 -28.0 -18.0  -7.7  -8.2  -1.4   6.4  15.6  10.5   3.1  -5.7 -31.2 -35.0
23472 1969 -36.6 -38.1 -19.6 -11.5   0.0   9.4  18.7  10.1   3.4  -7.8 -11.2 -23.3
23472 1970 -27.4 -25.1 -16.0  -9.9  -3.5   7.4  17.1   9.5   6.6  -7.8 -18.9 -23.8
23472 1971 -25.3 -29.2 -18.2 -10.6   1.9  10.0  13.8  14.7   5.1  -4.8 -11.6 -21.7
23472 1972 -32.1 -25.2 -16.0  -6.6  -1.2  13.9  15.6  11.9   1.8  -6.4 -23.0 -29.3
23472 1973 -27.9 -20.3 -14.3  -7.2  -0.4   7.5  16.1  14.0   5.0  -5.5 -13.2 -21.3
23472 1974 -36.7 -30.1 -19.4  -7.5  -1.6   6.5  13.8  12.1   5.1 -13.1 -28.8 -19.0
23472 1975 -20.8 -19.9 -15.4  -8.1   0.6  10.6  16.6  12.7   7.1  -5.3 -21.9 -21.9
23472 1976 -22.1 -25.3 -19.4  -6.2   0.4  12.3  16.4  12.0   6.3 -10.9 -17.0 -30.0
23472 1977 -30.2 -30.8 -20.1  -5.7   1.8  11.7  14.6  11.5   5.0 -12.3  -9.1 -25.3
23472 1978 -26.2 -22.7 -18.0  -9.1   0.4   9.3  17.3  11.6   4.7  -1.2 -10.1 -25.2
23472 1979 -36.8 -35.9 -20.6  -7.7  -1.0  13.1  18.9  11.8   6.5  -7.3 -18.8 -24.7
23472 1980 -27.4 -23.1 -21.2  -6.8  -1.8   9.8  16.5  14.1   6.4  -3.0 -22.0 -22.8
23472 1981 -16.0 -23.1 -15.4  -5.1  -1.4  10.8  15.4  15.7   5.4 -10.0 -15.2 -19.7
23472 1982 -29.7 -19.8 -20.8  -2.9   3.3  12.7  17.1  12.8   4.1 -12.5 -19.4 -16.6
23472 1983 -20.2 -19.5 -13.1 -11.1  -0.5  12.6  15.4  12.0   7.2  -1.7 -11.1 -19.0
23472 1984 -19.7 -23.0 -15.8 -16.4   2.1  15.0  18.5  14.1   8.2  -6.9 -26.6 -29.2
23472 1985 -27.4 -30.0 -19.1  -6.8   1.6  15.6  14.2  12.9   7.0  -1.9 -17.0 -24.5
23472 1986 -23.6 -20.4 -16.8 -10.2   0.5   9.5  18.6  14.1   4.1  -2.7 -10.6 -27.8
23472 1987 -31.3 -24.6 -20.8  -8.9   1.1   5.7  17.6  13.9   7.5  -6.4 -25.3 -22.2
23472 1988 -24.7 -28.1 -15.7 -13.3   2.1   9.6  15.1  12.3   6.1  -4.6 -14.2 -13.7
23472 1989 -24.9 -17.0 -13.1 -12.3   1.9   6.8  15.2  12.1   3.0  -4.6 -16.6 -21.7
23472 1990 -34.4 -22.8 -10.9  -5.0   1.6  11.8  20.1  12.1   5.6  -6.5 -21.4 -25.0
23472 1991 -19.7 -27.0 -18.5  -6.1   0.3  10.4  17.5  12.4  10.4  -5.7 -14.8 -26.5
23472 1992 -20.8 -19.6 -17.1 -13.3   1.5   6.2  15.4  15.9   2.6  -6.7 -21.9 -21.9
23472 1993 -18.1 -17.6  -9.4  -8.8  -1.3  13.9  17.2  13.1   6.3  -5.5 -18.7 -24.0
23472 1994 -29.6 -28.9 -10.3  -6.9   0.3  13.2  19.2  12.1   4.9  -2.7 -20.5 -26.9
23472 1995 -20.0 -13.7 -13.6  -0.6   0.9   8.8  15.7  14.5   4.3  -4.1 -15.8 -22.1
23472 1996 -29.8 -20.0 -12.5  -8.0  -1.6   9.5  18.5   9.3   2.9  -5.0 -16.2 -25.2
23472 1997 -26.2 -24.1 -11.6   1.8   4.4   8.3  12.7  12.3   7.9  -0.5 -22.8 -30.6
23472 1998 -25.1 -23.3 -12.4  -9.9  -0.1   8.2  16.7  16.4   0.7 -11.0 -28.1 -22.0
23472 1999 -30.1 -16.7 -22.7  -8.8   4.0   7.9  16.1  11.0   4.9  -4.7 -18.2 -16.6
23472 2000 -28.5 -21.7 -11.2  -7.2   2.9  13.1  14.4  15.8   5.4  -7.9 -26.7 -34.3
23472 2001 -35.1 -25.6 -16.8 -11.0   2.9  15.7  15.2  17.0   5.5  -5.5 -14.8 -22.7
23472 2002 -24.8 -21.4 -12.1 -11.8   2.5  15.4  15.3  12.8   2.0  -4.1 -19.6 -27.7
23472 2003 -24.7 -24.8 -16.5  -8.7   2.1  15.5  14.6  15.0   7.4  -4.0 -24.1 -19.1
23472 2004 -22.6 -22.0 -17.5  -9.7   2.0  14.1  16.4   9.9   5.3  -4.3 -11.1 -28.3
23472 2005 -22.8 -23.1 -13.9  -8.2   2.9  12.9  18.3  12.2   7.9  -1.7 -13.3 -22.1
