23678 1961 -26.6 -20.3  -5.4  -1.8   2.2   9.5  16.4  12.6   7.6  -8.4 -18.2 -24.5
23678 1962 -17.0 -16.1 -11.4  -4.0   3.8  13.9  18.4  13.6   7.6  -5.0 -17.8 -20.6
23678 1963 -21.3 -15.2 -13.1  -7.9   1.6  11.4  16.1  13.4   6.6   0.4 -14.8 -24.2
23678 1964 -17.9 -23.0 -20.4  -8.8   2.4  10.9  18.2  14.7   8.8  -5.7 -17.7 -22.0
23678 1965 -25.4 -23.7  -9.7  -5.3   3.3   9.6  18.4  13.5   5.8  -1.4 -23.0 -25.4
23678 1966 -29.1 -31.3 -17.5  -9.6   3.0  10.8  15.7  13.0   9.3  -6.4 -21.9 -26.4
23678 1967 -23.6 -23.1  -8.7  -2.2   2.2  13.7  22.1  12.3   6.2   1.9 -16.2 -15.2
23678 1968 -27.7 -17.5  -5.5  -4.8   2.3   9.0  18.1  11.7   3.3  -3.4 -29.0 -33.8
23678 1969 -35.2 -36.0 -15.8  -8.0   1.2  11.2  19.9  11.4   4.5  -6.0  -9.9 -22.9
23678 1970 -26.7 -22.8 -13.6  -5.5  -0.4   9.8  17.5  10.6   7.4  -6.0 -16.4 -22.3
23678 1971 -22.3 -28.2 -16.0  -6.0   4.4  13.6  15.3  14.9   6.3  -2.2  -9.6 -21.6
23678 1972 -31.0 -24.0 -14.4  -2.9   0.7  14.9  16.1  12.8   2.8  -4.4 -19.6 -27.3
23678 1973 -25.7 -19.6 -11.3  -4.6   1.9  10.5  17.2  15.5   7.0  -3.0 -10.4 -16.9
23678 1974 -34.5 -29.1 -16.7  -4.2   0.2   9.5  14.9  13.3   6.4  -9.8 -23.2 -19.8
23678 1975 -17.5 -18.2 -11.7  -4.1   2.4  12.0  18.6  12.7   7.9  -3.2 -18.6 -21.9
23678 1976 -19.9 -24.0 -16.8  -3.4   2.8  15.1  18.5  12.8   7.0  -9.3 -14.4 -27.8
23678 1977 -29.6 -29.7 -16.4  -2.7   4.3  14.2  16.2  12.2   5.8  -8.1  -8.8 -24.7
23678 1978 -22.6 -19.9 -13.6  -5.9   2.2  11.9  18.2  11.7   5.7  -0.4  -7.6 -22.3
23678 1979 -35.1 -30.4 -16.7  -6.2   1.3  15.1  19.1  12.8   7.9  -4.5 -15.7 -22.1
23678 1980 -25.9 -21.9 -17.3  -5.5   0.7  12.4  17.3  14.8   7.6  -1.9 -16.0 -20.6
23678 1981 -17.0 -20.0 -12.2  -2.0   2.0  13.6  16.5  15.6   5.9  -7.4 -14.4 -17.2
23678 1982 -28.2 -18.6 -18.2   0.1   5.5  15.0  16.9  14.2   4.7  -9.4 -14.3 -14.4
23678 1983 -18.5 -17.0  -9.8  -8.3   0.4  15.1  17.0  12.6   6.6  -0.2  -9.6 -17.2
23678 1984 -19.1 -21.7 -12.3 -13.4   4.0  15.3  18.2  14.8   9.0  -5.4 -25.8 -29.3
23678 1985 -24.8 -28.4 -15.3  -3.9   3.2  16.2  16.2  13.3   7.3  -0.8 -16.1 -23.7
23678 1986 -22.2 -17.5 -13.2  -6.6   2.6  11.4  19.2  15.0   5.5  -1.2  -8.6 -25.4
23678 1987 -30.4 -22.2 -17.3  -5.8   3.6   7.2  18.6  14.9   7.7  -3.9 -23.1 -22.0
23678 1988 -22.2 -24.7 -12.4  -7.1   2.8   9.8  16.5  13.0   7.6  -2.0 -10.6 -13.4
23678 1989 -23.0 -15.4  -9.9  -9.1   4.7  10.2  17.3  13.5   5.3  -2.9 -13.1 -20.4
23678 1990 -31.5 -20.8  -7.0  -2.5   5.0  13.0  19.9  13.8   5.6  -3.3 -17.3 -22.2
23678 1991 -18.3 -25.0 -17.1  -2.8   3.5  13.0  18.5  12.8   9.9  -2.9 -13.1 -25.8
23678 1992 -16.9 -16.3 -14.0 -10.2   4.4   8.4  17.1  16.6   3.6  -2.8 -18.9 -21.0
23678 1993 -17.5 -16.3  -8.4  -4.6   1.0  15.1  19.3  13.6   6.3  -3.3 -17.2 -21.9
23678 1994 -27.5 -25.9  -9.1  -4.2   2.9  15.8  20.0  13.8   5.9  -0.2 -17.2 -26.9
23678 1995 -17.3 -11.9 -10.2   1.7   4.6   9.8  17.7  15.3   5.5  -2.1 -11.5 -17.8
23678 1996 -29.4 -19.5 -10.6  -5.9   1.2  11.4  20.4   9.9   3.5  -3.9 -15.2 -23.7
23678 1997 -25.5 -20.6  -7.6   4.9   6.6  11.0  14.0  12.8   8.0   0.2 -19.2 -28.5
23678 1998 -23.8 -20.1  -9.6  -6.7   1.8  10.2  18.1  16.3   2.4  -7.5 -25.9 -19.0
23678 1999 -29.8 -15.4 -19.6  -5.8   8.4   9.6  18.3  12.0   5.8  -2.9 -16.9 -15.9
23678 2000 -27.6 -18.7  -8.7  -3.3   5.8  15.3  15.0  15.5   6.1  -4.6 -23.0 -32.5
23678 2001 -32.6 -22.7 -13.0  -5.4   5.5  17.0  15.5  17.3   6.8  -3.4 -12.1 -21.3
23678 2002 -21.1 -17.7  -9.7  -7.9   6.7  16.6  16.7  13.1   3.9  -2.9 -17.5 -25.9
23678 2003 -21.8 -20.3 -12.3  -5.7   5.4  18.3  15.6  15.4   7.9  -1.8 -20.9 -17.6
23678 2004 -20.9 -19.3 -16.2  -6.6   4.8  16.7  16.2  11.0   5.8  -2.9  -8.2 -28.3
23678 2005 -19.2 -22.5 -10.2  -4.6   5.3  14.0  19.7  14.2   8.8   0.7 -11.4 -22.2
