23884 1961 -25.2 -19.2  -6.5  -0.2   4.4  11.3  16.9  13.3   8.0  -7.6 -16.2 -24.1
23884 1962 -16.1 -16.2 -11.0  -2.5   6.3  14.7  19.1  14.6   7.9  -3.7 -18.0 -19.7
23884 1963 -22.1 -13.8 -12.0  -6.0   3.4  12.4  17.1  14.0   7.0   0.1 -12.5 -21.0
23884 1964 -15.3 -24.9 -19.2  -6.8   4.4  12.7  19.3  16.1   9.2  -4.6 -15.6 -22.7
23884 1965 -25.5 -23.4  -8.9  -3.6   5.2  11.6  19.2  15.0   6.5  -0.3 -21.0 -26.1
23884 1966 -29.4 -30.0 -16.8  -7.9   4.5  13.3  16.1  13.9   9.9  -4.5 -20.7 -29.8
23884 1967 -22.4 -22.9  -8.2  -0.9   4.4  14.4  21.7  12.5   6.4   2.7 -17.2 -16.6
23884 1968 -28.4 -19.0  -5.6  -1.7   4.8  10.8  18.9  12.2   3.2  -1.9 -26.2 -33.4
23884 1969 -35.4 -36.0 -14.5  -5.8   3.0  12.9  21.1  12.8   5.4  -4.4  -9.0 -23.1
23884 1970 -25.9 -23.3 -15.5  -2.3   3.1  11.5  17.9  11.6   7.6  -4.6 -15.7 -21.9
23884 1971 -19.8 -30.6 -16.2  -3.4   5.4  15.7  15.6  15.2   7.0  -0.5  -8.5 -22.8
23884 1972 -31.2 -22.4 -14.6  -1.8   2.4  15.6  16.3  13.4   4.1  -3.2 -18.0 -24.9
23884 1973 -23.2 -19.8 -10.7  -3.2   3.3  12.6  17.4  16.0   8.4  -1.7  -8.7 -15.2
23884 1974 -34.8 -30.3 -15.9  -2.4   2.1  11.6  16.1  14.6   7.7  -7.9 -20.3 -21.3
23884 1975 -15.8 -18.7  -9.9  -1.6   4.6  12.4  19.0  12.4   8.4  -1.7 -15.9 -21.8
23884 1976 -20.2 -23.6 -16.0  -1.9   5.2  16.3  18.6  12.8   6.9  -8.5 -14.6 -27.6
23884 1977 -30.7 -29.0 -13.6  -1.2   5.4  15.3  17.3  13.0   6.4  -6.1  -7.6 -23.1
23884 1978 -21.0 -19.8 -12.3  -3.2   4.1  13.5  19.0  12.3   5.8   0.0  -6.5 -20.3
23884 1979 -35.4 -27.6 -13.9  -5.0   3.0  16.5  19.4  12.6   8.3  -3.2 -14.5 -20.7
23884 1980 -26.7 -22.7 -15.9  -5.0   2.5  13.0  18.0  14.8   7.7  -1.4 -12.8 -20.1
23884 1981 -19.5 -19.0  -9.9  -0.4   4.3  15.2  17.0  15.7   6.4  -7.2 -14.4 -17.2
23884 1982 -28.0 -18.7 -16.1   1.7   6.4  15.8  16.7  14.1   5.3  -8.0 -12.5 -14.5
23884 1983 -19.1 -17.2  -8.2  -6.6   2.0  15.9  17.2  13.4   6.7   0.6  -7.8 -15.5
23884 1984 -20.3 -22.0 -11.2 -11.4   5.0  15.6  18.2  15.1   8.1  -4.7 -23.2 -29.5
23884 1985 -24.4 -29.7 -13.7  -2.1   4.8  16.0  17.0  13.7   7.4  -0.1 -14.8 -24.3
23884 1986 -22.7 -16.6 -11.5  -4.7   4.1  12.1  20.1  14.8   6.5  -0.9  -8.5 -24.0
23884 1987 -29.1 -21.8 -16.0  -4.6   5.7   8.1  19.0  15.2   7.7  -3.8 -21.4 -20.9
23884 1988 -23.6 -25.0 -11.9  -3.3   4.5   9.9  16.6  13.4   8.2  -0.9  -8.6 -13.4
23884 1989 -21.3 -13.7  -7.8  -6.1   7.0  11.2  18.1  14.1   5.3  -2.0 -11.7 -19.6
23884 1990 -31.5 -20.6  -4.2  -0.8   6.7  13.5  20.1  14.4   6.5  -0.9 -15.0 -20.9
23884 1991 -19.0 -24.5 -16.8  -1.5   5.0  13.8  19.7  13.3   9.4  -2.1 -11.8 -26.1
23884 1992 -14.6 -15.0 -12.6  -7.3   6.4   9.8  18.2  16.7   4.5  -0.5 -17.7 -20.6
23884 1993 -17.3 -15.3  -7.5  -2.8   2.8  15.4  19.9  14.4   6.0  -2.3 -16.8 -20.0
23884 1994 -27.2 -24.4  -9.3  -3.0   4.3  16.6  19.8  14.3   5.9   0.6 -15.2 -27.0
23884 1995 -17.8 -11.9  -9.3   2.2   6.4   9.9  17.8  16.1   5.9  -1.1  -9.7 -15.9
23884 1996 -29.5 -20.4 -10.6  -4.6   2.7  13.4  21.5  10.4   3.5  -3.5 -15.2 -22.8
23884 1997 -24.3 -17.9  -6.7   5.0   7.5  12.1  15.6  12.8   8.2   0.1 -17.3 -26.5
23884 1998 -24.4 -18.1  -9.1  -4.6   4.1  11.1  18.9  16.7   3.3  -5.5 -24.4 -17.2
23884 1999 -29.6 -14.9 -19.2  -3.7  10.1  10.8  19.9  12.6   5.3  -2.6 -16.0 -16.3
23884 2000 -28.2 -18.3  -8.4  -1.4   6.3  16.3  16.1  15.8   6.7  -3.7 -21.9 -32.2
23884 2001 -32.3 -22.2 -11.2  -3.5   6.9  17.1  15.8  17.3   7.2  -2.6 -11.2 -22.4
23884 2002 -18.1 -15.5  -8.5  -5.9   8.7  16.4  17.7  13.9   5.5  -2.4 -16.0 -26.0
23884 2003 -19.6 -17.5 -10.2  -3.6   7.2  18.2  17.0  15.7   8.0  -1.4 -18.9 -17.5
23884 2004 -21.2 -17.9 -14.4  -3.7   6.5  17.4  16.4  12.8   6.6  -1.7  -7.3 -28.0
23884 2005 -18.2 -23.9  -8.4  -1.9   7.1  15.1  20.5  14.6   8.8   1.7  -9.6 -23.1
